948
944
948
946
952
950
951
944
958
947
953
950
944
947
942
953
958
949
931
806
824
823
823
825
826
804
812
811
815
815
798
799
806
804
804
808
805
807
809
804
809
809
807
797
786
802
777
798
800
787
786
796
800
792
797
797
781
794
791
791
797
794
810
789
790
791
783
787
776
771
804
804
799
803
796
803
791
786
792
775
789
792
790
802
782
805
786
792
792
776
789
784
786
788
787
785
796
794
802
787
786
777
783
768
793
786
792
782
786
792
790
810
789
794
786
800
786
784
789
780
771
803
791
801
784
785
792
801
808
792
813
810
809
814
805
806
818
827
834
826
841
840
846
832
859
854
846
833
849
855
843
853
866
853
859
853
856
859
853
851
854
842
857
851
851
844
861
863
855
857
850
848
862
849
862
846
861
867
843
852
852
859
853
850
856
854
860
853
861
853
858
854
