Wed Nov 20 01:35:18 2013
10
74, 64, 72, 76, 76, 73, 66, 78, 78, 76
6296, 6294, 6293, 6293, 6293, 6293, 6291, 6293, 6295, 6296
1027, 1026, 1027, 1028, 1028, 1028, 1028, 1026, 1026, 1026
Wed Nov 20 01:41:10 2013
10
68, 76, 69, 70, 67, 67, 67, 77, 73, 67
6296, 6296, 6295, 6298, 6297, 6294, 6292, 6291, 6292, 6290
1024, 1023, 1026, 1026, 1026, 1028, 1028, 1029, 1026, 1027
Wed Nov 20 01:47:01 2013
10
74, 73, 66, 68, 68, 72, 74, 77, 78, 67
6290, 6288, 6291, 6290, 6286, 6287, 6287, 6287, 6286, 6287
1028, 1026, 1027, 1026, 1026, 1026, 1028, 1028, 1028, 1028
Wed Nov 20 01:52:53 2013
10
73, 78, 76, 76, 76, 75, 72, 72, 78, 76
6288, 6289, 6286, 6285, 6292, 6287, 6288, 6287, 6288, 6289
1030, 1029, 1030, 1032, 1030, 1030, 1030, 1026, 1026, 1025
Wed Nov 20 01:58:45 2013
10
68, 69, 74, 77, 68, 71, 69, 77, 72, 77
6288, 6285, 6286, 6288, 6291, 6288, 6290, 6291, 6290, 6289
1027, 1028, 1030, 1028, 1028, 1027, 1026, 1026, 1024, 1024
Wed Nov 20 02:04:36 2013
10
67, 73, 66, 71, 78, 73, 72, 69, 69, 68
6288, 6288, 6286, 6287, 6284, 6287, 6288, 6286, 6285, 6282
1024, 1026, 1026, 1028, 1028, 1028, 1026, 1026, 1027, 1028
Wed Nov 20 02:10:28 2013
10
66, 67, 77, 78, 71, 71, 72, 75, 65, 74
6281, 6280, 6277, 6278, 6279, 6279, 6278, 6278, 6279, 6277
1027, 1028, 1028, 1028, 1030, 1026, 1028, 1028, 1028, 1031
Wed Nov 20 02:16:19 2013
10
66, 67, 67, 68, 75, 69, 72, 75, 74, 66
6280, 6280, 6279, 6281, 6280, 6279, 6280, 6280, 6280, 6280
1030, 1028, 1028, 1026, 1026, 1028, 1028, 1028, 1028, 1028
Wed Nov 20 02:22:11 2013
10
66, 76, 74, 65, 71, 69, 76, 66, 77, 68
6281, 6279, 6278, 6279, 6281, 6280, 6279, 6282, 6278, 6284
1027, 1028, 1028, 1028, 1027, 1026, 1026, 1026, 1024, 1023
Wed Nov 20 02:28:02 2013
10
76, 72, 72, 69, 68, 74, 77, 69, 76, 70
6283, 6284, 6282, 6284, 6280, 6278, 6277, 6276, 6275, 6279
1024, 1023, 1022, 1023, 1024, 1024, 1024, 1024, 1025, 1023
Wed Nov 20 02:33:54 2013
10
74, 66, 71, 75, 72, 76, 77, 70, 67, 65
6275, 6274, 6272, 6275, 6273, 6274, 6275, 6272, 6274, 6274
1023, 1024, 1024, 1024, 1024, 1022, 1022, 1021, 1022, 1024
Wed Nov 20 02:39:45 2013
10
70, 64, 65, 73, 76, 75, 67, 74, 64, 66
6275, 6275, 6275, 6274, 6274, 6275, 6276, 6276, 6275, 6275
1024, 1024, 1025, 1024, 1024, 1024, 1024, 1023, 1024, 1024
Wed Nov 20 02:45:37 2013
10
72, 67, 67, 78, 70, 70, 75, 75, 76, 74
6278, 6276, 6276, 6277, 6277, 6278, 6277, 6279, 6282, 6276
1020, 1022, 1022, 1021, 1018, 1019, 1021, 1018, 1018, 1018
Wed Nov 20 02:51:29 2013
10
77, 69, 67, 77, 80, 68, 73, 73, 66, 76
6277, 6275, 6275, 6274, 6272, 6273, 6273, 6272, 6272, 6275
1019, 1022, 1020, 1020, 1019, 1019, 1019, 1018, 1018, 1016
Wed Nov 20 03:03:12 2013
10
74, 65, 66, 65, 65, 76, 65, 74, 67, 75
6271, 6271, 6274, 6272, 6271, 6273, 6274, 6273, 6274, 6273
1018, 1017, 1016, 1016, 1018, 1016, 1016, 1015, 1015, 1015
Wed Nov 20 03:09:03 2013
10
74, 72, 74, 65, 68, 64, 75, 65, 72, 72
6273, 6272, 6272, 6272, 6273, 6274, 6274, 6277, 6276, 6274
1014, 1016, 1015, 1013, 1012, 1012, 1012, 1010, 1010, 1009
Wed Nov 20 04:01:47 2013
10
71, 64, 68, 69, 73, 76, 66, 74, 68, 67
6264, 6263, 6262, 6262, 6259, 6257, 6257, 6255, 6257, 6263
1004, 1006, 1006, 1006, 1006, 1008, 1008, 1008, 1009, 1006
Wed Nov 20 04:07:39 2013
10
74, 69, 66, 69, 74, 66, 64, 65, 72, 74
6262, 6261, 6260, 6260, 6259, 6260, 6260, 6261, 6260, 6260
1004, 1003, 1002, 1002, 1004, 1004, 1004, 1006, 1006, 1006
Wed Nov 20 04:13:30 2013
10
66, 73, 72, 69, 68, 77, 67, 70, 62, 75
6260, 6261, 6262, 6262, 6260, 6262, 6262, 6264, 6262, 6259
1006, 1004, 1004, 1004, 1005, 1006, 1004, 1003, 1002, 1001
Wed Nov 20 04:19:22 2013
10
73, 74, 75, 69, 72, 74, 73, 74, 71, 69
6257, 6258, 6257, 6256, 6259, 6258, 6262, 6257, 6257, 6255
1004, 1004, 1005, 1006, 1006, 1006, 1004, 1006, 1006, 1006
Wed Nov 20 04:25:13 2013
10
76, 71, 63, 74, 74, 66, 67, 64, 64, 74
6254, 6253, 6251, 6250, 6253, 6254, 6254, 6256, 6252, 6252
1006, 1008, 1006, 1009, 1008, 1008, 1002, 1002, 1003, 1002
Wed Nov 20 04:31:05 2013
10
66, 68, 66, 72, 71, 76, 74, 71, 65, 74
6254, 6254, 6254, 6255, 6256, 6257, 6255, 6255, 6255, 6256
1006, 1003, 1004, 1004, 1004, 1004, 1004, 1004, 1004, 1004
Wed Nov 20 04:36:56 2013
10
72, 67, 76, 77, 67, 71, 69, 69, 73, 77
6254, 6254, 6254, 6256, 6256, 6252, 6254, 6252, 6250, 6252
1004, 1004, 1003, 1002, 1001, 1002, 1003, 1004, 1007, 1006
Wed Nov 20 04:42:48 2013
10
76, 73, 73, 71, 74, 77, 66, 66, 74, 71
6250, 6252, 6248, 6254, 6248, 6248, 6247, 6250, 6248, 6246
1006, 1004, 1006, 1004, 1004, 1006, 1006, 1005, 1004, 1005
Wed Nov 20 04:48:40 2013
10
69, 66, 68, 71, 64, 63, 71, 75, 67, 65
6245, 6246, 6247, 6251, 6248, 6247, 6246, 6245, 6246, 6245
1007, 1004, 1004, 1000, 1002, 1002, 1004, 1006, 1006, 1006
Wed Nov 20 04:54:31 2013
10
74, 68, 74, 70, 69, 75, 77, 66, 73, 68
6246, 6246, 6246, 6245, 6246, 6247, 6245, 6247, 6249, 6250
1005, 1005, 1005, 1006, 1006, 1004, 1004, 1004, 1002, 1003
Wed Nov 20 05:00:23 2013
10
71, 66, 74, 67, 65, 76, 76, 67, 75, 64
6247, 6247, 6253, 6246, 6249, 6246, 6244, 6246, 6242, 6242
1000, 1002, 1000, 1002, 1003, 1004, 1006, 1004, 1005, 1006
Wed Nov 20 05:06:14 2013
10
65, 66, 64, 62, 65, 74, 64, 69, 64, 73
6241, 6238, 6237, 6238, 6236, 6238, 6245, 6241, 6241, 6241
1004, 1006, 1006, 1004, 1007, 1004, 1002, 1001, 1000, 1000
Wed Nov 20 05:12:06 2013
10
69, 69, 64, 63, 63, 65, 70, 65, 73, 75
6242, 6243, 6242, 6240, 6239, 6241, 6242, 6240, 6241, 6239
1002, 1002, 1004, 1004, 1005, 1004, 1002, 1004, 1004, 1004
Wed Nov 20 05:17:57 2013
10
63, 66, 70, 72, 80, 73, 71, 66, 68, 67
6240, 6241, 6244, 6240, 6243, 6241, 6240, 6240, 6239, 6240
1003, 1002, 1002, 1002, 1001, 1002, 1002, 1000, 1001, 1002
Wed Nov 20 05:23:49 2013
10
76, 80, 78, 67, 73, 77, 68, 68, 74, 68
6240, 6240, 6237, 6237, 6239, 6238, 6236, 6234, 6233, 6233
1003, 1003, 1005, 1004, 1002, 1000, 1002, 1002, 1002, 1002
Wed Nov 20 05:29:40 2013
10
75, 68, 66, 73, 68, 64, 72, 75, 76, 72
6233, 6234, 6232, 6234, 6236, 6236, 6235, 6235, 6235, 6236
1002, 1002, 1002, 999, 998, 998, 998, 1000, 1001, 1002
Wed Nov 20 05:35:32 2013
10
71, 74, 71, 67, 72, 72, 75, 71, 64, 68
6236, 6236, 6236, 6236, 6235, 6236, 6236, 6235, 6236, 6236
1000, 1000, 1000, 1001, 1001, 1000, 1000, 1000, 1000, 1000
Wed Nov 20 05:41:24 2013
10
74, 77, 69, 69, 68, 75, 70, 78, 73, 67
6235, 6236, 6239, 6236, 6237, 6238, 6238, 6236, 6234, 6234
1000, 998, 997, 996, 997, 996, 996, 996, 996, 998
Wed Nov 20 05:47:15 2013
10
67, 70, 77, 76, 71, 76, 69, 69, 76, 66
6241, 6238, 6235, 6234, 6233, 6232, 6235, 6238, 6234, 6231
997, 996, 997, 997, 997, 997, 996, 996, 995, 996
Wed Nov 20 05:53:07 2013
10
68, 68, 65, 72, 64, 66, 70, 64, 72, 65
6230, 6230, 6232, 6231, 6231, 6232, 6234, 6232, 6232, 6235
996, 993, 994, 991, 993, 994, 994, 996, 995, 995
Wed Nov 20 05:58:58 2013
10
68, 72, 73, 71, 74, 62, 65, 80, 73, 70
6234, 6231, 6232, 6233, 6233, 6232, 6231, 6232, 6233, 6234
994, 994, 996, 994, 994, 994, 994, 994, 994, 992
Wed Nov 20 06:04:50 2013
10
73, 80, 76, 70, 77, 75, 64, 76, 71, 67
6232, 6232, 6233, 6233, 6234, 6234, 6232, 6234, 6233, 6232
992, 992, 992, 992, 990, 990, 990, 991, 990, 988
Wed Nov 20 06:10:41 2013
10
73, 72, 72, 72, 77, 75, 68, 68, 69, 71
6234, 6233, 6231, 6229, 6229, 6230, 6228, 6226, 6226, 6228
988, 990, 990, 991, 990, 991, 992, 992, 991, 990
Wed Nov 20 06:16:33 2013
10
72, 82, 69, 72, 75, 76, 67, 66, 68, 64
6227, 6228, 6228, 6229, 6229, 6232, 6229, 6231, 6230, 6228
990, 990, 988, 986, 987, 985, 988, 987, 988, 988
Wed Nov 20 06:22:24 2013
10
66, 66, 74, 73, 64, 73, 68, 74, 65, 65
6227, 6228, 6230, 6230, 6229, 6230, 6230, 6229, 6229, 6230
989, 988, 988, 988, 989, 990, 989, 988, 988, 988
Wed Nov 20 06:28:16 2013
10
69, 65, 65, 75, 75, 71, 68, 65, 67, 76
6229, 6230, 6228, 6229, 6230, 6229, 6228, 6228, 6230, 6231
987, 987, 986, 986, 986, 986, 986, 988, 985, 984
Wed Nov 20 06:34:08 2013
10
72, 70, 70, 76, 73, 66, 65, 62, 69, 70
6232, 6230, 6233, 6231, 6231, 6237, 6233, 6232, 6229, 6226
984, 983, 982, 982, 981, 980, 978, 979, 982, 984
Wed Nov 20 06:39:59 2013
10
69, 76, 72, 71, 63, 67, 71, 67, 70, 70
6224, 6225, 6225, 6228, 6228, 6229, 6225, 6224, 6230, 6229
984, 984, 985, 985, 980, 982, 984, 982, 980, 976
Wed Nov 20 06:45:51 2013
10
75, 65, 72, 76, 68, 77, 71, 68, 70, 73
6227, 6228, 6226, 6225, 6224, 6226, 6225, 6228, 6226, 6227
978, 980, 981, 981, 982, 981, 982, 981, 982, 980
Wed Nov 20 06:51:42 2013
10
69, 80, 72, 76, 69, 68, 69, 78, 67, 77
6228, 6228, 6224, 6226, 6224, 6226, 6228, 6228, 6226, 6228
982, 982, 982, 982, 981, 982, 980, 980, 980, 980
Wed Nov 20 06:57:34 2013
10
77, 67, 73, 72, 75, 72, 75, 72, 77, 74
6225, 6228, 6230, 6228, 6230, 6230, 6230, 6228, 6230, 6228
980, 978, 978, 977, 979, 978, 976, 978, 978, 976
Wed Nov 20 07:03:25 2013
10
74, 78, 69, 74, 75, 74, 72, 73, 71, 76
6228, 6228, 6226, 6224, 6225, 6222, 6224, 6221, 6225, 6221
976, 977, 974, 976, 978, 978, 978, 980, 977, 978
Wed Nov 20 07:09:17 2013
10
70, 70, 77, 77, 69, 73, 76, 74, 73, 80
6220, 6220, 6220, 6218, 6218, 6221, 6220, 6218, 6220, 6222
979, 980, 979, 978, 978, 976, 974, 976, 976, 977
Wed Nov 20 07:15:08 2013
10
69, 74, 80, 72, 75, 75, 78, 70, 79, 68
6219, 6220, 6221, 6224, 6221, 6223, 6222, 6220, 6219, 6224
977, 977, 976, 976, 976, 978, 978, 978, 978, 977
Wed Nov 20 07:21:00 2013
10
78, 69, 70, 78, 71, 69, 75, 66, 72, 66
6224, 6222, 6221, 6222, 6221, 6221, 6222, 6221, 6221, 6223
976, 976, 976, 976, 976, 977, 976, 975, 974, 974
Wed Nov 20 07:26:52 2013
10
76, 74, 73, 74, 75, 67, 71, 67, 70, 65
6222, 6222, 6220, 6221, 6220, 6223, 6222, 6223, 6226, 6228
974, 974, 974, 974, 974, 974, 972, 972, 972, 970
Wed Nov 20 07:32:43 2013
10
65, 73, 66, 66, 77, 77, 68, 69, 76, 78
6226, 6225, 6224, 6224, 6224, 6222, 6222, 6217, 6218, 6219
968, 970, 970, 968, 968, 969, 970, 972, 972, 972
Wed Nov 20 07:38:35 2013
10
68, 70, 74, 66, 66, 71, 74, 76, 73, 65
6218, 6215, 6215, 6216, 6218, 6216, 6215, 6216, 6216, 6216
972, 972, 972, 972, 972, 970, 970, 971, 970, 970
Wed Nov 20 07:44:26 2013
10
74, 66, 65, 67, 71, 69, 65, 65, 75, 68
6217, 6218, 6218, 6218, 6219, 6218, 6217, 6219, 6221, 6221
971, 970, 970, 970, 970, 970, 971, 971, 970, 970
Wed Nov 20 07:50:18 2013
10
66, 67, 66, 72, 75, 70, 66, 72, 65, 74
6222, 6220, 6219, 6221, 6222, 6223, 6221, 6220, 6221, 6221
968, 970, 970, 969, 968, 968, 968, 968, 968, 968
Wed Nov 20 07:56:09 2013
10
73, 64, 65, 74, 67, 70, 69, 74, 64, 74
6219, 6219, 6218, 6221, 6220, 6221, 6226, 6225, 6224, 6226
967, 969, 968, 966, 965, 964, 964, 963, 962, 961
Wed Nov 20 08:02:01 2013
10
70, 75, 78, 68, 78, 71, 72, 74, 71, 78
6226, 6228, 6228, 6228, 6230, 6229, 6224, 6222, 6223, 6220
962, 960, 961, 962, 957, 956, 958, 962, 962, 963
Wed Nov 20 08:07:52 2013
10
77, 76, 66, 71, 69, 75, 71, 78, 77, 73
6221, 6219, 6216, 6215, 6215, 6214, 6218, 6219, 6217, 6218
963, 964, 964, 966, 966, 966, 966, 961, 962, 962
Wed Nov 20 08:13:44 2013
10
68, 72, 75, 74, 67, 68, 74, 72, 75, 65
6218, 6218, 6218, 6219, 6220, 6220, 6218, 6217, 6219, 6220
962, 962, 962, 962, 964, 963, 965, 964, 963, 963
Wed Nov 20 08:19:36 2013
10
65, 76, 73, 67, 77, 68, 73, 68, 75, 68
6218, 6218, 6219, 6216, 6218, 6219, 6219, 6217, 6218, 6220
964, 966, 964, 966, 965, 964, 964, 964, 963, 964
Wed Nov 20 08:25:27 2013
10
76, 70, 65, 66, 76, 74, 68, 67, 67, 67
6222, 6222, 6223, 6223, 6224, 6220, 6223, 6223, 6222, 6223
962, 962, 960, 960, 960, 960, 960, 958, 958, 958
Wed Nov 20 08:31:19 2013
10
67, 77, 71, 77, 75, 69, 68, 70, 73, 68
6219, 6220, 6222, 6224, 6227, 6224, 6222, 6220, 6224, 6220
958, 958, 958, 958, 956, 955, 956, 958, 958, 960
Wed Nov 20 08:37:10 2013
10
67, 78, 74, 71, 74, 74, 74, 75, 69, 67
6218, 6220, 6220, 6219, 6216, 6214, 6218, 6220, 6219, 6220
960, 960, 960, 961, 962, 961, 960, 958, 959, 958
Wed Nov 20 08:43:02 2013
10
70, 68, 77, 77, 69, 71, 66, 66, 66, 66
6217, 6216, 6214, 6216, 6218, 6219, 6218, 6220, 6216, 6218
958, 958, 959, 960, 959, 958, 958, 958, 959, 959
Wed Nov 20 08:48:53 2013
10
73, 75, 70, 72, 65, 73, 84, 87, 78, 79
6216, 6216, 6218, 6220, 6220, 6221, 6222, 6223, 6221, 6220
959, 960, 960, 960, 959, 958, 958, 958, 958, 956
Wed Nov 20 08:54:45 2013
10
79, 75, 75, 79, 83, 84, 77, 85, 86, 96
6222, 6223, 6224, 6224, 6222, 6225, 6224, 6223, 6224, 6225
955, 955, 956, 956, 955, 954, 955, 955, 953, 954
Wed Nov 20 09:00:36 2013
10
107, 107, 107, 117, 115, 114, 119, 129, 130, 132
6223, 6226, 6229, 6228, 6224, 6227, 6225, 6225, 6229, 6235
956, 956, 956, 956, 957, 958, 958, 958, 958, 957
Wed Nov 20 09:06:28 2013
10
131, 135, 136, 134, 142, 139, 135, 143, 135, 133
6239, 6239, 6246, 6246, 6243, 6246, 6244, 6244, 6243, 6244
954, 954, 958, 952, 956, 955, 952, 952, 955, 954
Wed Nov 20 09:12:20 2013
10
133, 145, 133, 133, 142, 133, 143, 142, 140, 135
6244, 6245, 6245, 6248, 6248, 6256, 6254, 6260, 6258, 6263
955, 952, 954, 954, 954, 954, 953, 952, 950, 955
Wed Nov 20 09:18:11 2013
10
146, 142, 134, 143, 142, 139, 145, 135, 136, 143
6262, 6259, 6260, 6262, 6266, 6264, 6265, 6264, 6264, 6265
950, 962, 955, 948, 950, 946, 946, 958, 951, 950
Wed Nov 20 09:29:54 2013
10
132, 129, 129, 135, 137, 127, 130, 135, 140, 133
6274, 6278, 6279, 6280, 6281, 6282, 6282, 6281, 6284, 6284
956, 958, 945, 952, 954, 944, 942, 944, 955, 944
Wed Nov 20 09:35:46 2013
10
133, 134, 133, 131, 144, 136, 134, 137, 136, 135
6286, 6288, 6289, 6291, 6293, 6289, 6292, 6292, 6297, 6296
950, 948, 946, 952, 949, 949, 952, 946, 954, 948
Wed Nov 20 09:41:37 2013
10
134, 137, 132, 132, 136, 133, 134, 136, 139, 136
6294, 6294, 6295, 6294, 6294, 6292, 6298, 6296, 6294, 6298
945, 942, 953, 942, 946, 940, 952, 947, 944, 945
Wed Nov 20 09:47:29 2013
10
135, 131, 138, 140, 135, 128, 128, 128, 129, 140
6290, 6290, 6293, 6295, 6292, 6290, 6291, 6295, 6297, 6296
940, 945, 950, 950, 944, 946, 947, 958, 954, 946
Wed Nov 20 09:53:20 2013
10
137, 131, 130, 129, 134, 132, 136, 127, 131, 134
6294, 6299, 6297, 6294, 6297, 6297, 6296, 6298, 6298, 6299
946, 958, 948, 952, 956, 956, 962, 960, 964, 959
Wed Nov 20 09:59:12 2013
10
138, 137, 128, 133, 130, 137, 134, 140, 133, 127
6296, 6296, 6298, 6297, 6300, 6304, 6302, 6299, 6304, 6302
962, 961, 966, 963, 964, 967, 960, 959, 960, 948
Wed Nov 20 10:10:55 2013
10
133, 132, 138, 134, 138, 129, 128, 130, 128, 135
6311, 6309, 6308, 6311, 6308, 6306, 6308, 6307, 6308, 6309
965, 964, 961, 966, 962, 964, 964, 960, 960, 960
Wed Nov 20 10:28:30 2013
10
131, 133, 134, 127, 130, 128, 113, 105, 89, 111
6313, 6316, 6316, 6317, 6315, 6316, 6315, 6315, 6314, 6317
956, 959, 960, 958, 962, 961, 960, 964, 962, 964
Wed Nov 20 10:34:21 2013
10
118, 106, 112, 93, 85, 95, 94, 101, 96, 106
6314, 6314, 6315, 6314, 6318, 6315, 6313, 6315, 6318, 6316
962, 961, 964, 962, 960, 960, 964, 962, 964, 964
Wed Nov 20 10:40:13 2013
10
96, 83, 78, 90, 77, 93, 99, 96, 92, 98
6315, 6318, 6317, 6315, 6317, 6315, 6316, 6314, 6314, 6316
962, 964, 964, 964, 962, 964, 964, 962, 964, 964
Wed Nov 20 10:46:04 2013
10
104, 103, 108, 100, 109, 101, 96, 100, 101, 98
6313, 6316, 6315, 6318, 6317, 6320, 6318, 6320, 6318, 6318
962, 964, 964, 964, 962, 964, 962, 962, 964, 961
Wed Nov 20 10:51:56 2013
10
94, 98, 97, 110, 100, 115, 112, 114, 108, 104
6321, 6319, 6318, 6319, 6320, 6322, 6322, 6326, 6328, 6324
966, 963, 962, 962, 963, 963, 962, 964, 964, 960
Wed Nov 20 10:57:48 2013
10
114, 110, 106, 109, 119, 109, 115, 108, 108, 92
6328, 6328, 6327, 6326, 6327, 6324, 6330, 6332, 6331, 6335
966, 966, 962, 960, 962, 962, 969, 965, 960, 968
Wed Nov 20 11:03:39 2013
10
97, 107, 101, 106, 98, 98, 103, 90, 99, 89
6335, 6336, 6338, 6334, 6335, 6332, 6335, 6333, 6332, 6335
962, 962, 960, 958, 962, 962, 964, 958, 962, 964
Wed Nov 20 11:09:31 2013
10
88, 96, 97, 95, 96, 107, 99, 100, 93, 98
6335, 6339, 6336, 6336, 6338, 6336, 6336, 6338, 6335, 6339
964, 964, 964, 961, 964, 960, 959, 968, 958, 968
Wed Nov 20 11:15:21 2013
10
105, 92, 93, 96, 93, 80, 88, 88, 82, 102
6340, 6336, 6337, 6338, 6339, 6335, 6338, 6339, 6344, 6336
964, 958, 966, 964, 964, 961, 965, 964, 966, 961
Wed Nov 20 11:21:12 2013
10
107, 108, 106, 110, 110, 107, 109, 104, 98, 109
6342, 6344, 6347, 6344, 6346, 6349, 6351, 6350, 6350, 6351
966, 965, 966, 958, 965, 966, 965, 965, 966, 966
Wed Nov 20 11:27:04 2013
10
100, 105, 108, 107, 107, 95, 99, 99, 99, 92
6353, 6354, 6351, 6350, 6352, 6346, 6349, 6346, 6342, 6346
964, 965, 966, 964, 966, 958, 960, 954, 956, 966
Wed Nov 20 11:32:56 2013
10
90, 92, 94, 94, 100, 99, 88, 100, 98, 95
6348, 6346, 6348, 6348, 6352, 6352, 6354, 6354, 6355, 6349
958, 958, 962, 968, 970, 966, 970, 967, 966, 966
Wed Nov 20 11:38:47 2013
10
91, 95, 94, 91, 89, 86, 93, 91, 102, 101
6353, 6356, 6357, 6354, 6353, 6354, 6355, 6356, 6354, 6354
968, 968, 968, 968, 968, 968, 970, 968, 968, 967
Wed Nov 20 11:44:39 2013
10
96, 95, 87, 97, 88, 86, 86, 88, 95, 91
6355, 6356, 6354, 6354, 6355, 6354, 6354, 6354, 6355, 6356
970, 970, 968, 968, 969, 966, 968, 968, 968, 969
Wed Nov 20 11:50:30 2013
10
94, 86, 96, 99, 87, 81, 96, 89, 94, 91
6356, 6356, 6358, 6356, 6355, 6355, 6356, 6356, 6354, 6357
970, 970, 970, 968, 970, 968, 970, 971, 970, 971
Wed Nov 20 11:56:22 2013
10
92, 98, 86, 94, 89, 94, 96, 96, 101, 86
6356, 6357, 6356, 6357, 6359, 6361, 6363, 6361, 6362, 6363
970, 971, 968, 971, 970, 971, 969, 972, 970, 970
Wed Nov 20 12:02:13 2013
10
87, 94, 85, 87, 79, 96, 95, 87, 95, 84
6362, 6361, 6362, 6362, 6364, 6364, 6361, 6362, 6362, 6362
970, 968, 970, 970, 970, 968, 970, 971, 971, 972
Wed Nov 20 12:08:05 2013
10
95, 85, 86, 92, 94, 84, 87, 87, 82, 87
6363, 6362, 6364, 6364, 6364, 6364, 6363, 6364, 6364, 6363
972, 974, 972, 970, 970, 970, 970, 970, 972, 972
Wed Nov 20 12:13:56 2013
10
87, 90, 86, 82, 81, 90, 79, 90, 82, 83
6362, 6364, 6367, 6365, 6365, 6365, 6365, 6365, 6365, 6366
970, 972, 972, 971, 973, 972, 970, 972, 972, 974
Wed Nov 20 12:19:48 2013
10
82, 82, 82, 82, 91, 89, 82, 84, 88, 90
6368, 6366, 6367, 6367, 6368, 6367, 6369, 6369, 6370, 6369
973, 972, 972, 970, 973, 974, 973, 972, 972, 973
Wed Nov 20 12:25:40 2013
10
86, 90, 81, 79, 87, 80, 85, 79, 88, 80
6366, 6368, 6367, 6366, 6368, 6369, 6368, 6369, 6370, 6371
972, 972, 974, 972, 974, 975, 974, 974, 974, 974
Wed Nov 20 12:31:31 2013
10
87, 96, 90, 80, 84, 82, 78, 91, 82, 89
6370, 6372, 6370, 6374, 6371, 6373, 6373, 6372, 6372, 6371
971, 974, 974, 972, 972, 973, 975, 974, 975, 976
Wed Nov 20 12:37:23 2013
10
77, 83, 71, 84, 79, 84, 79, 77, 76, 78
6372, 6370, 6374, 6379, 6378, 6376, 6376, 6380, 6380, 6381
974, 968, 974, 972, 975, 972, 964, 976, 972, 970
Wed Nov 20 12:43:14 2013
10
77, 76, 79, 80, 76, 75, 75, 82, 77, 80
6380, 6381, 6381, 6378, 6378, 6376, 6378, 6378, 6378, 6378
972, 970, 972, 972, 976, 976, 974, 974, 974, 974
Wed Nov 20 12:49:06 2013
10
77, 85, 84, 81, 80, 85, 75, 84, 76, 84
6377, 6376, 6377, 6377, 6377, 6376, 6377, 6380, 6378, 6379
976, 974, 974, 975, 973, 974, 976, 976, 973, 974
Wed Nov 20 12:54:57 2013
10
84, 87, 72, 73, 77, 75, 79, 85, 76, 76
6381, 6380, 6380, 6381, 6380, 6379, 6379, 6381, 6380, 6381
972, 974, 972, 972, 974, 972, 971, 974, 972, 972
Wed Nov 20 13:00:49 2013
10
84, 76, 79, 73, 74, 75, 80, 82, 74, 87
6383, 6381, 6380, 6381, 6385, 6385, 6382, 6381, 6380, 6380
973, 973, 974, 971, 972, 972, 968, 972, 972, 974
Wed Nov 20 13:06:40 2013
10
74, 85, 83, 77, 82, 83, 80, 74, 73, 73
6380, 6380, 6382, 6384, 6384, 6384, 6384, 6383, 6383, 6384
970, 972, 970, 974, 972, 970, 970, 970, 970, 970
Wed Nov 20 13:12:32 2013
10
74, 84, 77, 82, 72, 70, 72, 83, 78, 73
6384, 6386, 6386, 6388, 6386, 6385, 6386, 6386, 6389, 6388
970, 970, 972, 971, 970, 968, 970, 970, 970, 968
Wed Nov 20 13:18:24 2013
10
85, 77, 84, 79, 73, 75, 73, 71, 80, 82
6389, 6386, 6390, 6389, 6387, 6388, 6387, 6388, 6388, 6388
968, 966, 970, 967, 967, 968, 968, 970, 970, 970
Wed Nov 20 13:30:07 2013
10
73, 72, 75, 73, 71, 70, 74, 74, 74, 81
6391, 6392, 6393, 6392, 6394, 6394, 6393, 6391, 6392, 6394
968, 969, 969, 968, 970, 966, 968, 968, 968, 968
Wed Nov 20 13:35:58 2013
10
70, 72, 72, 73, 82, 80, 73, 80, 75, 77
6394, 6396, 6393, 6396, 6396, 6396, 6397, 6397, 6398, 6396
968, 968, 967, 969, 968, 968, 968, 970, 967, 966
Wed Nov 20 13:41:50 2013
10
81, 77, 75, 69, 82, 78, 74, 72, 73, 77
6398, 6400, 6400, 6397, 6400, 6399, 6400, 6401, 6402, 6399
971, 968, 968, 966, 970, 967, 967, 968, 967, 966
Wed Nov 20 13:47:41 2013
10
82, 73, 76, 70, 69, 67, 78, 72, 71, 80
6399, 6400, 6399, 6402, 6402, 6400, 6399, 6398, 6398, 6400
966, 966, 966, 968, 968, 966, 966, 966, 968, 966
Wed Nov 20 13:53:33 2013
10
71, 71, 76, 76, 70, 79, 73, 76, 76, 75
6400, 6402, 6398, 6398, 6404, 6402, 6402, 6401, 6402, 6404
969, 968, 966, 966, 970, 969, 966, 966, 968, 968
Wed Nov 20 13:59:24 2013
10
74, 71, 75, 79, 70, 81, 67, 75, 79, 68
6404, 6404, 6404, 6406, 6407, 6407, 6408, 6408, 6410, 6406
967, 966, 965, 968, 969, 968, 967, 970, 966, 964
Wed Nov 20 14:05:16 2013
10
73, 80, 64, 73, 67, 73, 81, 70, 72, 81
6410, 6412, 6414, 6410, 6412, 6408, 6408, 6407, 6409, 6409
968, 968, 970, 968, 968, 968, 968, 968, 970, 968
Wed Nov 20 14:11:08 2013
10
74, 75, 74, 78, 74, 68, 69, 76, 72, 72
6409, 6406, 6409, 6409, 6407, 6408, 6410, 6408, 6411, 6410
968, 966, 967, 968, 966, 968, 967, 966, 968, 967
Wed Nov 20 14:16:59 2013
10
71, 75, 73, 79, 78, 78, 79, 77, 72, 71
6412, 6414, 6412, 6415, 6412, 6412, 6412, 6410, 6412, 6413
967, 967, 966, 968, 966, 966, 966, 964, 968, 966
Wed Nov 20 14:22:51 2013
10
73, 69, 69, 68, 73, 75, 75, 72, 73, 78
6415, 6413, 6416, 6414, 6413, 6413, 6414, 6414, 6418, 6416
966, 968, 967, 964, 966, 966, 969, 968, 967, 964
Wed Nov 20 14:28:42 2013
10
72, 69, 71, 69, 69, 77, 70, 74, 67, 77
6414, 6414, 6416, 6416, 6414, 6414, 6412, 6414, 6414, 6413
967, 965, 968, 968, 965, 968, 968, 968, 966, 966
Wed Nov 20 14:34:34 2013
10
73, 72, 77, 76, 68, 79, 77, 75, 72, 77
6414, 6418, 6415, 6417, 6418, 6419, 6419, 6420, 6418, 6418
966, 966, 966, 966, 967, 969, 966, 968, 966, 964
Wed Nov 20 14:40:25 2013
10
69, 79, 76, 75, 65, 70, 67, 75, 76, 79
6419, 6418, 6420, 6420, 6419, 6417, 6418, 6415, 6416, 6419
965, 965, 968, 966, 964, 965, 967, 966, 966, 966
Wed Nov 20 14:46:17 2013
10
69, 73, 74, 75, 70, 65, 68, 71, 76, 68
6419, 6417, 6417, 6420, 6417, 6415, 6417, 6418, 6418, 6420
966, 965, 966, 968, 966, 966, 968, 966, 965, 966
Wed Nov 20 14:52:08 2013
10
76, 68, 68, 72, 72, 75, 71, 75, 76, 68
6418, 6419, 6420, 6418, 6419, 6418, 6416, 6419, 6417, 6416
966, 967, 966, 964, 966, 963, 964, 966, 964, 966
Wed Nov 20 14:58:00 2013
10
64, 74, 73, 70, 81, 66, 70, 69, 67, 68
6414, 6416, 6416, 6415, 6418, 6419, 6420, 6420, 6421, 6423
968, 968, 965, 968, 968, 968, 966, 966, 967, 966
Wed Nov 20 15:03:52 2013
10
71, 78, 78, 74, 78, 79, 69, 78, 78, 77
6422, 6420, 6421, 6419, 6419, 6418, 6420, 6422, 6419, 6421
966, 965, 966, 965, 965, 964, 968, 966, 965, 966
Wed Nov 20 15:09:43 2013
10
71, 71, 69, 77, 71, 68, 67, 74, 75, 72
6423, 6423, 6422, 6422, 6420, 6419, 6422, 6422, 6420, 6423
964, 964, 964, 964, 964, 968, 972, 971, 968, 971
Wed Nov 20 15:15:35 2013
10
67, 73, 68, 78, 75, 76, 73, 68, 74, 74
6423, 6423, 6426, 6422, 6424, 6426, 6424, 6423, 6425, 6423
968, 966, 967, 967, 968, 966, 966, 968, 968, 966
Wed Nov 20 15:21:26 2013
10
77, 68, 78, 81, 68, 75, 75, 68, 71, 72
6423, 6425, 6424, 6426, 6426, 6425, 6425, 6427, 6424, 6423
966, 965, 967, 966, 966, 964, 964, 966, 962, 964
Wed Nov 20 15:27:18 2013
10
74, 69, 68, 69, 77, 67, 67, 78, 68, 76
6428, 6427, 6426, 6427, 6430, 6427, 6428, 6425, 6426, 6424
964, 964, 964, 962, 963, 964, 964, 962, 964, 964
Wed Nov 20 15:33:09 2013
10
69, 68, 69, 73, 76, 72, 76, 74, 68, 72
6427, 6426, 6426, 6426, 6424, 6426, 6423, 6420, 6422, 6423
964, 964, 962, 963, 964, 966, 964, 967, 963, 964
Wed Nov 20 15:39:01 2013
10
73, 77, 69, 76, 72, 78, 67, 74, 76, 73
6424, 6426, 6424, 6424, 6425, 6425, 6425, 6424, 6424, 6425
965, 966, 964, 964, 968, 964, 966, 970, 964, 967
Wed Nov 20 15:44:52 2013
10
68, 68, 78, 70, 76, 78, 76, 73, 73, 66
6424, 6426, 6425, 6427, 6426, 6428, 6429, 6430, 6430, 6426
966, 966, 968, 965, 968, 966, 963, 968, 965, 964
Wed Nov 20 15:50:44 2013
10
66, 68, 74, 77, 67, 70, 66, 77, 73, 67
6425, 6428, 6430, 6430, 6428, 6431, 6432, 6430, 6430, 6430
970, 967, 964, 966, 970, 964, 964, 966, 966, 966
Wed Nov 20 15:56:36 2013
10
73, 73, 69, 65, 66, 65, 73, 64, 73, 62
6430, 6432, 6431, 6432, 6431, 6430, 6422, 6420, 6426, 6428
968, 964, 964, 968, 964, 968, 968, 969, 971, 972
Wed Nov 20 16:02:27 2013
10
67, 73, 76, 74, 67, 64, 75, 70, 63, 70
6426, 6424, 6427, 6428, 6431, 6434, 6432, 6435, 6435, 6431
968, 969, 974, 970, 972, 970, 971, 962, 968, 970
Wed Nov 20 16:08:19 2013
10
77, 71, 71, 77, 70, 77, 79, 79, 68, 80
6429, 6430, 6431, 6433, 6433, 6436, 6436, 6436, 6436, 6436
968, 968, 969, 970, 966, 970, 968, 967, 966, 964
Wed Nov 20 16:14:10 2013
10
76, 68, 77, 78, 77, 67, 75, 68, 67, 70
6432, 6431, 6432, 6435, 6436, 6436, 6435, 6434, 6433, 6434
964, 972, 964, 968, 964, 964, 966, 966, 966, 965
Wed Nov 20 16:20:02 2013
10
77, 74, 68, 70, 78, 77, 79, 73, 79, 77
6431, 6433, 6435, 6437, 6433, 6433, 6435, 6434, 6428, 6432
968, 970, 970, 970, 965, 970, 969, 964, 967, 968
Wed Nov 20 16:25:53 2013
10
69, 70, 67, 65, 70, 69, 71, 73, 79, 77
6434, 6436, 6434, 6436, 6436, 6432, 6435, 6434, 6436, 6435
970, 968, 968, 970, 968, 966, 968, 968, 968, 968
Wed Nov 20 16:31:45 2013
10
69, 68, 69, 74, 74, 68, 79, 74, 78, 76
6436, 6434, 6435, 6432, 6422, 6429, 6431, 6430, 6434, 6432
968, 964, 968, 965, 967, 972, 970, 970, 968, 968
Wed Nov 20 16:37:36 2013
10
67, 77, 73, 68, 67, 76, 68, 67, 67, 77
6430, 6431, 6429, 6432, 6432, 6434, 6432, 6432, 6427, 6429
968, 968, 970, 971, 970, 970, 968, 968, 970, 970
Wed Nov 20 16:43:28 2013
10
66, 73, 78, 79, 76, 78, 76, 75, 67, 77
6430, 6429, 6424, 6429, 6431, 6428, 6422, 6427, 6428, 6423
970, 970, 968, 972, 974, 969, 975, 975, 974, 969
Wed Nov 20 16:49:19 2013
10
71, 71, 78, 67, 78, 72, 71, 77, 78, 80
6425, 6426, 6426, 6428, 6422, 6424, 6427, 6416, 6414, 6412
970, 972, 972, 974, 974, 978, 972, 972, 978, 980
Wed Nov 20 16:55:11 2013
10
68, 67, 79, 64, 70, 66, 76, 79, 69, 67
6409, 6417, 6414, 6420, 6422, 6422, 6424, 6425, 6427, 6426
978, 981, 975, 977, 976, 975, 974, 974, 972, 973
Wed Nov 20 17:01:03 2013
10
78, 67, 77, 67, 66, 73, 76, 72, 78, 74
6426, 6426, 6426, 6425, 6416, 6412, 6416, 6420, 6416, 6417
973, 974, 973, 976, 974, 976, 978, 979, 974, 976
Wed Nov 20 17:06:54 2013
10
68, 68, 67, 74, 73, 68, 66, 74, 76, 69
6419, 6419, 6418, 6415, 6416, 6416, 6418, 6420, 6418, 6420
980, 980, 976, 978, 974, 982, 976, 979, 972, 978
Wed Nov 20 17:12:46 2013
10
73, 72, 73, 75, 75, 73, 71, 76, 75, 69
6418, 6418, 6422, 6421, 6423, 6422, 6423, 6417, 6413, 6415
975, 978, 980, 976, 976, 976, 972, 974, 980, 977
Wed Nov 20 17:18:37 2013
10
75, 69, 61, 67, 65, 71, 74, 74, 64, 71
6414, 6417, 6414, 6419, 6419, 6418, 6422, 6425, 6422, 6422
978, 978, 982, 980, 976, 976, 978, 976, 971, 986
Wed Nov 20 17:24:29 2013
10
64, 66, 66, 68, 74, 69, 65, 71, 64, 73
6418, 6420, 6416, 6417, 6415, 6417, 6416, 6419, 6415, 6420
975, 982, 976, 981, 975, 978, 980, 974, 976, 978
Wed Nov 20 17:30:20 2013
10
72, 72, 61, 66, 71, 65, 65, 64, 68, 65
6418, 6417, 6418, 6417, 6418, 6418, 6421, 6418, 6417, 6417
975, 976, 976, 974, 978, 977, 978, 976, 976, 976
Wed Nov 20 17:42:03 2013
10
68, 69, 64, 67, 67, 67, 63, 64, 66, 66
6410, 6414, 6414, 6414, 6417, 6413, 6414, 6414, 6416, 6414
978, 980, 980, 980, 977, 978, 980, 978, 978, 975
Wed Nov 20 17:47:55 2013
10
64, 71, 72, 63, 70, 68, 66, 64, 71, 71
6410, 6412, 6412, 6411, 6408, 6410, 6413, 6411, 6410, 6412
982, 982, 980, 981, 982, 982, 982, 986, 984, 982
Wed Nov 20 17:53:47 2013
10
64, 67, 75, 66, 66, 65, 75, 70, 72, 67
6410, 6412, 6411, 6412, 6407, 6411, 6410, 6409, 6406, 6406
979, 980, 982, 986, 984, 981, 984, 982, 984, 986
Wed Nov 20 18:05:30 2013
10
65, 62, 64, 69, 64, 62, 65, 71, 70, 62
6408, 6408, 6406, 6406, 6408, 6409, 6404, 6403, 6402, 6404
992, 988, 995, 994, 994, 994, 992, 996, 996, 996
Wed Nov 20 18:11:21 2013
10
74, 67, 64, 66, 72, 62, 72, 66, 62, 66
6401, 6395, 6397, 6395, 6398, 6396, 6396, 6398, 6399, 6392
994, 996, 998, 996, 998, 1000, 998, 1001, 999, 997
Wed Nov 20 18:17:13 2013
10
66, 63, 70, 67, 71, 71, 65, 68, 72, 66
6392, 6392, 6394, 6393, 6395, 6398, 6400, 6393, 6394, 6391
998, 1002, 999, 1000, 997, 1000, 996, 996, 998, 1002
Wed Nov 20 18:23:04 2013
10
72, 72, 77, 66, 71, 66, 70, 69, 69, 70
6389, 6392, 6395, 6396, 6392, 6392, 6388, 6390, 6392, 6396
1000, 1002, 998, 998, 996, 999, 997, 1000, 998, 1002
Wed Nov 20 18:28:56 2013
10
70, 64, 75, 67, 75, 70, 77, 70, 75, 73
6390, 6389, 6390, 6390, 6391, 6392, 6387, 6386, 6387, 6387
999, 998, 1000, 1000, 1002, 1002, 998, 1000, 1004, 1000
Wed Nov 20 18:34:47 2013
10
66, 68, 77, 66, 76, 68, 79, 78, 66, 68
6384, 6378, 6386, 6381, 6384, 6383, 6381, 6380, 6381, 6380
1000, 1000, 1004, 999, 1002, 1000, 1002, 1001, 1001, 1003
Wed Nov 20 18:40:39 2013
10
68, 72, 65, 72, 65, 73, 75, 72, 77, 69
6381, 6380, 6381, 6385, 6383, 6382, 6382, 6381, 6379, 6377
1004, 1000, 1004, 1004, 1002, 1002, 1001, 1004, 1002, 1001
Wed Nov 20 18:46:31 2013
10
77, 77, 75, 64, 63, 74, 78, 79, 70, 74
6378, 6372, 6375, 6376, 6373, 6374, 6374, 6375, 6372, 6369
1006, 1004, 1006, 1003, 1008, 1008, 1004, 1007, 1006, 1005
Wed Nov 20 18:52:22 2013
10
74, 74, 67, 69, 67, 76, 75, 78, 64, 70
6372, 6372, 6372, 6374, 6373, 6374, 6376, 6373, 6374, 6373
1006, 1010, 1004, 1005, 1004, 1004, 1004, 1006, 1006, 1006
Wed Nov 20 18:58:14 2013
10
67, 76, 69, 68, 72, 79, 63, 76, 64, 71
6370, 6368, 6367, 6368, 6367, 6368, 6370, 6367, 6369, 6370
1006, 1005, 1006, 1008, 1006, 1007, 1010, 1006, 1007, 1008
Wed Nov 20 19:04:05 2013
10
68, 71, 63, 65, 74, 64, 66, 63, 68, 63
6366, 6370, 6370, 6369, 6364, 6364, 6364, 6362, 6364, 6364
1006, 1006, 1008, 1008, 1006, 1008, 1008, 1010, 1010, 1014
Wed Nov 20 19:09:57 2013
10
65, 73, 64, 65, 73, 75, 64, 67, 76, 71
6365, 6364, 6366, 6366, 6363, 6361, 6365, 6362, 6358, 6360
1010, 1008, 1008, 1010, 1009, 1008, 1010, 1008, 1010, 1011
Wed Nov 20 19:15:48 2013
10
69, 74, 68, 68, 66, 67, 67, 68, 70, 69
6363, 6364, 6367, 6363, 6364, 6364, 6361, 6363, 6363, 6362
1012, 1016, 1009, 1010, 1011, 1008, 1010, 1008, 1010, 1009
Wed Nov 20 19:21:40 2013
10
67, 66, 71, 74, 62, 70, 68, 70, 64, 70
6360, 6362, 6365, 6365, 6362, 6362, 6362, 6365, 6361, 6360
1008, 1014, 1014, 1012, 1009, 1014, 1008, 1012, 1009, 1009
Wed Nov 20 19:27:31 2013
10
68, 70, 75, 66, 69, 66, 74, 70, 66, 68
6362, 6362, 6361, 6361, 6354, 6356, 6360, 6358, 6357, 6361
1016, 1010, 1010, 1009, 1010, 1012, 1011, 1011, 1011, 1017
Wed Nov 20 19:33:23 2013
10
75, 76, 77, 64, 68, 66, 66, 74, 70, 72
6355, 6354, 6355, 6357, 6356, 6353, 6356, 6352, 6354, 6352
1012, 1014, 1012, 1013, 1012, 1012, 1018, 1012, 1014, 1012
Wed Nov 20 19:39:15 2013
10
68, 67, 72, 64, 76, 72, 68, 67, 69, 72
6350, 6350, 6352, 6348, 6350, 6352, 6350, 6350, 6349, 6348
1014, 1016, 1016, 1014, 1018, 1014, 1012, 1013, 1016, 1014
Wed Nov 20 19:45:06 2013
10
68, 75, 74, 68, 65, 66, 77, 65, 64, 70
6349, 6353, 6351, 6357, 6354, 6353, 6353, 6352, 6351, 6350
1012, 1012, 1013, 1012, 1012, 1016, 1014, 1013, 1013, 1012
Wed Nov 20 19:50:58 2013
10
64, 73, 68, 67, 64, 62, 63, 70, 67, 72
6347, 6352, 6351, 6348, 6351, 6347, 6348, 6346, 6341, 6346
1013, 1016, 1014, 1012, 1016, 1014, 1016, 1014, 1016, 1018
