1027
1024
1028
1030
1027
1024
1027
1030
1027
1024
1023
1024
1020
1019
1018
1014
1004
1004
1006
1004
1006
1006
1004
1006
1007
1005
1000
1004
1002
1003
1003
1002
1000
1000
997
996
994
992
988
990
989
987
984
984
978
982
980
976
979
977
976
974
968
972
971
968
967
962
963
962
964
962
958
960
958
959
955
956
954
955
950
956
950
945
940
946
962
965
956
962
962
962
966
966
962
964
964
966
964
958
968
970
970
970
970
972
970
973
972
971
974
972
976
972
973
970
970
968
968
968
971
966
969
967
968
968
967
966
967
966
965
966
966
968
966
964
968
966
964
964
965
966
970
968
968
968
964
968
970
968
968
970
970
978
973
980
975
978
975
975
978
982
979
992
994
998
1000
999
1000
1004
1006
1006
1006
1006
1010
1012
1008
1016
1012
1014
1012
1013
