74
68
74
73
68
67
66
66
66
76
74
70
72
77
74
74
71
74
66
73
76
66
72
76
69
74
71
65
69
63
76
75
71
74
67
68
68
73
73
72
66
69
72
69
75
69
77
74
70
69
78
76
65
68
74
66
73
70
77
68
65
76
67
67
70
73
79
107
131
133
146
132
133
134
135
137
138
133
131
118
96
104
94
114
97
88
105
107
100
90
91
96
94
92
87
95
87
82
86
87
77
77
77
84
84
74
74
85
73
70
81
82
71
74
73
74
71
73
72
73
69
69
76
64
71
71
67
77
74
69
73
68
66
73
67
77
76
77
69
69
67
66
71
68
78
68
73
75
64
72
68
64
64
65
74
66
72
70
66
68
77
74
67
68
65
69
67
68
75
68
68
64
