236
235
236
235
237
236
237
235
238
236
237
236
235
236
234
237
238
236
232
200
205
205
205
205
205
200
202
202
203
203
198
199
200
200
200
201
200
201
201
200
201
201
201
198
195
199
193
198
199
196
195
198
199
197
198
198
194
197
197
197
198
197
201
196
196
197
195
196
193
192
200
200
199
200
198
200
197
195
197
193
196
197
196
199
194
200
195
197
197
193
196
195
195
196
196
195
198
197
199
196
195
193
195
191
197
195
197
194
195
197
196
201
196
197
195
199
195
195
196
194
192
200
197
199
195
195
197
199
201
197
202
201
201
202
200
200
203
206
207
205
209
209
210
207
214
212
210
207
211
213
210
212
215
212
214
212
213
214
212
212
212
209
213
212
212
210
214
215
213
213
211
211
214
211
214
210
214
216
210
212
212
214
212
211
213
212
214
212
214
212
213
212
210
210
209
212
210
210
211
208
206
212
214
219
210
210
211
212
209
211
211
209
208
208
209
212
215
211
212
211
212
206
206
210
212
210
209
212
208
207
207
211
209
209
208
211
208
211
211
207
211
209
209
209
204
209
205
210
208
208
207
207
209
208
210
208
211
208
217
208
207
210
208
206
207
205
208
207
209
209
210
210
210
208
210
209
212
210
213
211
210
207
211
206
209
208
209
209
207
208
210
203
211
207
209
209
209
209
210
210
208
211
209
208
209
208
209
206
208
206
207
207
209
208
208
206
211
211
204
205
209
204
208
205
207
210
209
208
213
209
206
205
210
207
206
205
203
211
206
208
205
208
209
206
208
204
209
206
210
206
209
209
215
202
207
207
212
207
204
209
206
207
206
208
207
212
211
211
208
209
210
211
209
208
212
214
210
214
209
213
212
210
213
213
210
212
211
213
209
210
210
213
214
212
211
214
208
213
212
210
213
212
214
211
213
211
215
215
211
211
211
211
211
210
213
214
212
212
213
212
219
213
211
210
211
212
210
212
213
212
212
209
210
213
213
213
213
212
209
214
212
212
210
214
213
210
209
212
206
209
212
211
211
212
210
212
211
212
210
214
216
210
213
212
211
210
210
211
211
213
213
209
209
208
211
210
208
208
208
209
211
211
211
209
208
210
210
209
238
240
240
244
243
242
243
244
244
244
243
244
245
244
247
244
245
243
244
243
244
244
243
245
245
244
245
245
243
244
244
245
246
245
244
244
244
247
243
245
246
244
245
244
245
245
245
245
245
245
246
246
246
244
245
246
245
245
246
245
245
244
244
244
245
244
245
246
244
245
246
244
246
245
244
246
247
245
244
246
245
246
246
245
246
244
244
245
245
246
244
246
247
245
247
243
245
244
246
247
246
246
246
245
245
246
246
247
245
246
246
246
245
247
247
247
247
246
245
245
247
245
242
242
245
244
245
243
244
245
244
244
245
245
246
246
245
247
246
245
247
245
247
245
245
245
246
246
245
248
247
246
245
246
247
245
247
246
245
248
246
245
245
246
246
246
243
245
246
245
244
247
246
244
246
246
245
247
246
244
245
247
246
246
247
246
246
245
245
248
247
245
246
246
246
246
247
245
245
248
244
246
246
245
245
244
246
245
244
247
246
247
246
244
245
247
246
246
245
244
245
245
244
244
245
246
246
247
246
245
246
244
245
245
245
244
246
244
245
245
243
244
245
245
245
245
246
245
244
245
246
244
244
244
244
244
244
245
244
245
244
245
246
243
246
243
242
246
247
243
245
243
244
246
245
245
244
243
244
245
246
245
244
244
243
245
246
243
244
245
244
245
244
245
244
244
243
242
243
243
244
243
242
244
245
244
243
242
246
243
244
243
246
243
243
244
244
243
243
245
243
244
244
245
243
243
244
243
243
244
244
243
244
243
244
244
244
242
242
241
245
244
244
243
245
242
244
243
243
245
241
242
243
244
244
244
241
243
245
243
245
245
246
245
244
243
244
247
247
247
245
246
246
246
248
246
247
245
246
247
247
248
244
246
245
246
246
246
247
246
248
248
246
245
246
245
245
246
244
247
246
245
246
245
247
246
247
247
247
247
246
246
245
246
246
244
246
246
247
244
246
244
245
246
245
244
245
245
244
244
246
243
244
245
245
243
247
243
245
244
246
245
244
244
243
243
243
244
245
244
244
245
245
244
245
243
243
244
244
244
243
243
245
244
243
245
243
244
243
244
242
244
244
245
244
243
244
244
244
244
245
240
244
244
243
243
244
243
244
243
244
243
245
243
243
243
244
243
245
244
244
243
242
242
244
243
243
243
243
244
242
243
242
242
242
243
244
243
244
244
244
243
243
244
243
243
242
244
244
242
244
243
242
244
242
243
243
243
243
243
243
242
242
242
244
241
241
244
241
242
241
242
243
243
240
241
241
244
243
240
243
242
243
242
243
241
242
243
243
242
243
243
243
243
243
242
242
242
243
243
242
242
243
239
241
242
241
242
242
244
243
241
243
243
243
242
242
241
243
244
243
242
242
243
243
243
240
242
242
240
242
241
242
241
241
242
243
242
241
243
243
243
242
242
242
241
240
241
241
240
241
241
242
242
240
241
242
240
242
242
240
241
241
240
245
241
241
241
241
239
242
242
241
242
241
240
242
242
241
243
241
240
241
240
241
242
242
242
240
243
242
242
239
241
241
242
241
240
241
242
240
242
241
241
239
239
241
242
240
240
242
242
241
241
242
241
240
241
241
241
241
239
240
242
239
246
246
245
245
244
244
243
244
243
244
243
242
242
243
242
243
243
243
243
242
243
241
242
243
241
241
243
241
242
242
241
241
241
241
244
241
241
241
241
240
242
242
241
241
242
241
241
240
240
241
240
240
241
242
239
241
240
240
242
241
243
240
241
239
242
241
241
239
241
240
239
239
241
239
241
240
240
240
241
239
239
241
239
241
240
240
241
239
238
241
240
241
239
239
240
238
241
240
239
240
239
239
238
239
241
241
241
241
242
243
245
242
243
243
242
242
243
245
243
243
245
243
243
244
242
242
243
244
244
242
242
244
242
245
243
242
241
242
244
243
244
242
244
243
241
241
244
241
240
244
242
242
242
240
240
243
241
243
241
243
242
243
240
244
242
240
242
239
240
241
241
241
241
241
241
240
241
240
242
242
240
240
241
241
240
241
241
242
239
240
240
242
240
241
242
241
240
240
240
238
241
239
239
241
239
241
239
240
239
241
239
239
239
241
238
238
239
239
239
239
240
239
239
240
239
239
239
237
238
240
239
239
240
240
239
243
244
245
245
247
247
247
247
248
248
248
249
247
250
247
247
250
252
250
249
251
248
247
250
249
248
248
247
249
249
249
247
246
249
247
248
249
246
246
245
249
248
247
245
247
245
246
246
246
244
244
242
244
245
242
241
240
241
241
244
241
241
241
242
241
241
241
241
239
237
243
239
241
239
240
238
240
236
238
239
239
236
239
238
237
235
234
236
237
233
237
233
234
233
231
234
231
228
231
234
230
231
229
228
230
227
226
226
229
226
224
228
227
226
225
226
226
222
227
223
224
221
224
221
222
217
222
220
217
219
219
219
223
219
220
218
219
220
215
213
219
216
213
213
217
213
213
214
212
211
211
210
213
214
210
207
212
210
212
209
208
209
208
212
210
209
210
207
212
209
199
195
198
0
50
51
56
48
44
35
31
32
30
35
33
30
30
26
28
24
29
36
30
31
33
34
28
30
30
30
29
28
30
45
38
30
29
24
46
36
34
27
19
14
13
13
15
20
16
15
42
30
26
19
23
18
21
17
18
22
21
32
43
45
39
46
36
33
34
45
36
32
34
35
26
34
37
37
38
53
42
40
39
35
37
39
41
39
45
32
38
40
39
43
40
47
46
52
55
53
53
56
58
62
59
68
70
74
81
81
84
87
84
84
84
86
87
91
91
83
87
88
86
88
85
87
85
82
82
84
85
84
80
77
83
82
82
76
74
123
118
120
119
117
117
118
112
114
113
115
113
115
114
114
113
115
114
114
113
113
113
115
119
115
117
117
117
118
117
119
117
116
113
113
114
115
115
114
117
111
114
113
114
110
113
111
113
111
110
114
111
113
114
113
109
111
111
106
111
111
110
114
111
111
112
110
109
112
111
109
109
111
107
111
108
109
104
108
106
107
102
104
106
109
107
104
103
106
106
105
105
100
104
102
102
104
104
101
103
102
100
101
100
102
98
97
99
97
96
95
96
92
99
99
99
97
101
99
100
99
100
99
97
98
99
102
101
98
100
98
95
97
97
94
95
95
92
96
91
91
94
98
94
94
91
94
93
92
96
94
91
90
93
93
92
87
94
92
94
92
93
92
92
91
94
94
91
89
88
92
94
87
91
92
93
95
89
89
93
91
91
91
90
91
91
87
92
95
90
91
89
90
91
88
89
94
87
116
94
86
85
96
88
90
84
83
85
83
83
85
83
84
85
84
84
83
81
84
83
84
85
79
81
74
79
76
79
72
73
76
73
75
72
75
74
72
75
70
72
69
70
71
70
70
64
63
0
109
102
105
107
108
115
114
118
146
157
156
164
158
163
165
167
190
168
167
168
172
181
176
179
179
178
178
179
175
175
176
176
170
175
175
176
171
171
172
175
176
176
174
171
173
173
177
177
180
173
177
174
180
173
177
178
180
176
178
179
178
178
177
179
176
178
179
177
178
175
177
180
179
181
180
183
180
179
177
182
179
178
181
178
182
179
178
178
180
183
182
183
183
185
181
182
186
183
183
184
184
184
184
184
182
184
183
186
181
182
181
178
180
184
183
180
178
179
183
182
183
183
182
184
184
184
180
181
182
181
182
182
184
185
181
186
183
183
180
183
179
182
182
183
180
184
177
182
178
182
181
181
179
181
178
177
179
177
177
178
174
179
175
177
174
174
171
173
174
167
170
171
165
168
166
167
166
165
165
167
170
166
164
168
166
165
162
165
167
166
166
166
164
162
168
162
165
161
167
164
164
164
162
165
168
165
166
163
165
167
170
166
167
168
165
169
169
170
169
171
166
170
170
169
169
170
171
170
169
166
167
169
169
172
171
170
170
171
169
170
169
170
171
170
170
168
167
164
165
163
167
164
166
167
167
172
165
168
166
164
165
167
161
164
160
163
162
161
160
160
161
161
159
161
159
160
160
162
160
157
160
158
159
156
156
156
157
157
157
160
150
151
151
153
152
151
154
159
150
149
149
151
153
151
150
149
148
153
150
151
151
150
149
149
148
145
147
147
155
144
146
145
148
147
146
145
141
146
144
146
146
144
155
143
155
160
142
143
143
143
144
144
142
143
147
142
144
144
156
142
143
146
144
155
155
141
145
143
143
141
143
144
141
144
140
143
143
143
143
143
142
143
141
143
138
141
140
139
140
141
150
140
139
137
150
137
137
137
151
137
138
137
137
154
137
135
138
139
139
140
140
138
138
138
139
139
133
141
139
136
139
143
142
153
138
139
137
136
140
148
138
140
138
134
138
138
135
138
138
138
137
137
135
138
138
139
139
138
140
136
137
137
139
136
146
139
152
142
140
153
141
141
137
140
142
139
138
143
153
137
140
140
149
142
141
140
141
150
146
144
144
142
145
148
145
144
148
144
148
145
147
144
145
157
149
153
148
152
152
152
149
154
153
156
156
157
158
156
155
156
157
155
157
159
156
158
155
155
159
157
157
159
156
165
165
159
157
158
156
155
156
155
158
156
156
158
157
157
157
155
163
157
156
157
156
157
158
156
158
158
154
161
152
164
154
162
152
164
153
153
164
163
153
150
152
151
162
164
155
158
165
154
151
163
150
150
152
165
148
146
159
160
145
147
159
161
148
149
151
162
162
148
149
160
162
148
147
146
147
160
161
159
161
162
160
157
158
159
157
147
147
145
144
158
156
143
142
144
159
156
154
143
142
146
157
156
145
141
142
157
153
142
141
154
140
141
153
139
139
154
139
139
151
139
154
144
159
143
152
140
151
139
139
152
139
137
149
151
135
138
134
145
148
150
156
146
152
144
147
147
146
134
147
152
146
157
152
138
134
138
138
140
139
137
142
145
144
139
150
151
150
137
139
148
137
139
137
137
140
142
145
142
141
146
147
149
143
147
145
150
149
151
153
153
151
152
156
154
150
153
157
158
154
152
152
152
152
154
154
151
154
153
150
159
158
155
155
156
159
155
151
156
154
155
153
158
155
153
155
154
154
149
165
162
160
158
158
163
157
159
158
159
156
158
162
164
166
163
167
164
165
166
165
165
166
164
167
163
169
166
164
165
168
166
166
167
166
165
168
167
169
166
162
163
160
163
162
163
163
159
161
158
158
156
156
159
157
159
158
162
160
167
164
182
181
175
176
176
161
162
161
161
162
158
157
160
161
156
161
159
156
