6296
6296
6290
6288
6288
6288
6281
6280
6281
6283
6275
6275
6278
6277
6271
6273
6264
6262
6260
6257
6254
6254
6254
6250
6245
6246
6247
6241
6242
6240
6240
6233
6236
6235
6241
6230
6234
6232
6234
6227
6227
6229
6232
6224
6227
6228
6225
6228
6220
6219
6224
6222
6226
6218
6217
6222
6219
6226
6221
6218
6218
6222
6219
6218
6217
6216
6222
6223
6239
6244
6262
6274
6286
6294
6290
6294
6296
6311
6313
6314
6315
6313
6321
6328
6335
6335
6340
6342
6353
6348
6353
6355
6356
6356
6362
6363
6362
6368
6366
6370
6372
6380
6377
6381
6383
6380
6384
6389
6391
6394
6398
6399
6400
6404
6410
6409
6412
6415
6414
6414
6419
6419
6418
6414
6422
6423
6423
6423
6428
6427
6424
6424
6425
6430
6426
6429
6432
6431
6434
6436
6430
6430
6425
6409
6426
6419
6418
6414
6418
6418
6410
6410
6410
6408
6401
6392
6389
6390
6384
6381
6378
6372
6370
6366
6365
6363
6360
6362
6355
6350
6349
6347
