Tue Nov 19 23:08:49 2013
10
[80, 75, 75, 73, 73, 74, 72, 62, 67, 65]
[6286, 6287, 6288, 6287, 6289, 6290, 6288, 6292, 6289, 6292]
[1086, 1086, 1083, 1084, 1084, 1082, 1082, 1080, 1081, 1080]
Tue Nov 19 23:20:33 2013
10
[77, 68, 70, 76, 73, 77, 69, 77, 74, 75]
[6299, 6300, 6300, 6302, 6303, 6303, 6303, 6307, 6307, 6310]
[1062, 1062, 1060, 1060, 1060, 1057, 1057, 1058, 1056, 1056]
Tue Nov 19 23:26:24 2013
10
[66, 69, 73, 77, 71, 70, 71, 71, 69, 77]
[6311, 6313, 6312, 6310, 6310, 6308, 6309, 6312, 6316, 6312]
[1053, 1055, 1054, 1053, 1052, 1053, 1053, 1050, 1048, 1048]
Tue Nov 19 23:32:16 2013
10
[67, 74, 78, 68, 67, 65, 64, 68, 71, 71]
[6310, 6314, 6311, 6308, 6312, 6309, 6310, 6311, 6311, 6312]
[1048, 1047, 1047, 1048, 1048, 1048, 1049, 1048, 1048, 1048]
Tue Nov 19 23:38:07 2013
10
[73, 76, 73, 70, 67, 67, 64, 68, 69, 70]
[6312, 6309, 6312, 6312, 6312, 6312, 6312, 6312, 6314, 6313]
[1043, 1043, 1043, 1042, 1043, 1043, 1042, 1042, 1040, 1038]
Tue Nov 19 23:49:50 2013
10
[67, 69, 77, 73, 66, 69, 73, 70, 74, 73]
[6314, 6316, 6318, 6316, 6317, 6317, 6314, 6314, 6311, 6316]
[1038, 1037, 1036, 1036, 1036, 1036, 1037, 1036, 1037, 1036]
Tue Nov 19 23:55:42 2013
10
[68, 64, 64, 68, 67, 66, 69, 69, 70, 68]
[6315, 6314, 6315, 6315, 6316, 6314, 6312, 6316, 6318, 6318]
[1036, 1036, 1036, 1037, 1038, 1037, 1039, 1039, 1036, 1038]
Wed Nov 20 00:01:34 2013
10
[78, 73, 66, 67, 76, 76, 67, 66, 75, 76]
[6318, 6315, 6313, 6316, 6313, 6314, 6314, 6315, 6314, 6312]
[1037, 1039, 1041, 1040, 1040, 1039, 1038, 1036, 1037, 1037]
Wed Nov 20 00:07:25 2013
10
[72, 74, 71, 67, 74, 69, 70, 73, 74, 79]
[6313, 6316, 6316, 6315, 6316, 6316, 6316, 6316, 6318, 6318]
[1035, 1034, 1032, 1034, 1034, 1033, 1033, 1033, 1032, 1034]
Wed Nov 20 00:13:17 2013
10
[65, 69, 66, 71, 68, 68, 66, 79, 72, 73]
[6312, 6310, 6311, 6317, 6313, 6314, 6318, 6314, 6311, 6308]
[1035, 1038, 1037, 1034, 1036, 1036, 1034, 1033, 1034, 1034]
Wed Nov 20 00:19:08 2013
10
[76, 78, 63, 72, 69, 65, 71, 68, 76, 70]
[6308, 6310, 6311, 6312, 6312, 6309, 6308, 6309, 6310, 6310]
[1035, 1034, 1034, 1034, 1033, 1034, 1036, 1036, 1036, 1037]
Wed Nov 20 00:25:00 2013
10
[77, 70, 68, 70, 72, 74, 79, 71, 66, 67]
[6306, 6308, 6306, 6307, 6310, 6308, 6308, 6306, 6304, 6307]
[1038, 1038, 1040, 1040, 1039, 1040, 1040, 1042, 1044, 1042]
Wed Nov 20 00:30:51 2013
10
[68, 72, 67, 66, 75, 76, 67, 74, 68, 66]
[6307, 6313, 6309, 6310, 6308, 6308, 6309, 6307, 6309, 6306]
[1039, 1036, 1035, 1036, 1034, 1035, 1034, 1033, 1032, 1034]
Wed Nov 20 00:36:43 2013
10
[68, 77, 74, 68, 71, 75, 71, 71, 68, 74]
[6309, 6307, 6308, 6313, 6308, 6314, 6312, 6310, 6308, 6304]
[1034, 1034, 1034, 1034, 1032, 1033, 1032, 1033, 1034, 1037]

